image_width: 640
image_height: 480
camera_name: depth_A00366A10885046A
camera_matrix:
  rows: 3
  cols: 3
  data: [587.787179460896, 0, 319.861984251471, 0, 589.643474287512, 253.383074742965, 0, 0, 1]
distortion_model: plumb_bob
distortion_coefficients:
  rows: 1
  cols: 5
  data: [-0.0580061768270991, 0.136927720031464, 0.00111672753833698, -0.000694541169535982, 0]
rectification_matrix:
  rows: 3
  cols: 3
  data: [1, 0, 0, 0, 1, 0, 0, 0, 1]
projection_matrix:
  rows: 3
  cols: 4
  data: [588.433471679688, 0, 318.95559570285, 0, 0, 590.155151367188, 253.074455862028, 0, 0, 0, 1, 0]