image_width: 640
image_height: 480
camera_name: rgb_A00362814103051A
camera_matrix:
  rows: 3
  cols: 3
  data: [524.707040385314, 0, 330.176225838986, 0, 523.32061300495, 258.988261603361, 0, 0, 1]
distortion_model: plumb_bob
distortion_coefficients:
  rows: 1
  cols: 5
  data: [0.154321643572126, -0.24504430307863, 0.000255416138791424, 0.00387893687752981, 0]
rectification_matrix:
  rows: 3
  cols: 3
  data: [1, 0, 0, 0, 1, 0, 0, 0, 1]
projection_matrix:
  rows: 3
  cols: 4
  data: [535.994018554688, 0, 332.013429550148, 0, 0, 536.231567382812, 258.645586931405, 0, 0, 0, 1, 0]