image_width: 640
image_height: 480
camera_name: rgb_A00363908899051A
camera_matrix:
  rows: 3
  cols: 3
  data: [543.040574181687, 0, 319.01064529742, 0, 543.307336591517, 253.523080951277, 0, 0, 1]
distortion_model: plumb_bob
distortion_coefficients:
  rows: 1
  cols: 5
  data: [0.183076175719046, -0.319397963469509, 0.000516446506789915, 0.00446090383644326, 0]
rectification_matrix:
  rows: 3
  cols: 3
  data: [1, 0, 0, 0, 1, 0, 0, 0, 1]
projection_matrix:
  rows: 3
  cols: 4
  data: [556.025085449219, 0, 320.935555761662, 0, 0, 557.791931152344, 253.193299495275, 0, 0, 0, 1, 0]