image_width: 640
image_height: 480
camera_name: rgb_A00366A10885046A
camera_matrix:
  rows: 3
  cols: 3
  data: [528.203455048164, 0, 325.487966258154, 0, 529.698009299718, 263.378435272083, 0, 0, 1]
distortion_model: plumb_bob
distortion_coefficients:
  rows: 1
  cols: 5
  data: [0.170685391985706, -0.271390770004881, 0.00618320563506137, -0.00403040196538566, 0]
rectification_matrix:
  rows: 3
  cols: 3
  data: [1, 0, 0, 0, 1, 0, 0, 0, 1]
projection_matrix:
  rows: 3
  cols: 4
  data: [542.164123535156, 0, 322.776294588319, 0, 0, 543.692565917969, 265.29864239575, 0, 0, 0, 1, 0]