image_width: 640
image_height: 480
camera_name: rgb_A00363807157051A
camera_matrix:
  rows: 3
  cols: 3
  data: [528.825665620759, 0, 313.756893528701, 0, 530.466279366652, 253.210556553393, 0, 0, 1]
distortion_model: plumb_bob
distortion_coefficients:
  rows: 1
  cols: 5
  data: [0.151330528573397, -0.221085177820244, 0.0044050794554637, -0.0039290742571273, 0]
rectification_matrix:
  rows: 3
  cols: 3
  data: [1, 0, 0, 0, 1, 0, 0, 0, 1]
projection_matrix:
  rows: 3
  cols: 4
  data: [533.374615478516, 0, 309.822265951635, 0, 0, 534.623790283203, 255.636538408764, 0, 0, 0, 1, 0]