image_width: 640
image_height: 480
camera_name: rgb_A00367906402045A
camera_matrix:
  rows: 3
  cols: 3
  data: [528.726035405058, 0, 316.72594832611, 0, 529.314028918636, 260.534810071425, 0, 0, 1]
distortion_model: plumb_bob
distortion_coefficients:
  rows: 1
  cols: 5
  data: [0.154084878694568, -0.222264631141466, 0.00250511483030151, -0.00164878476825166, 0]
rectification_matrix:
  rows: 3
  cols: 3
  data: [1, 0, 0, 0, 1, 0, 0, 0, 1]
projection_matrix:
  rows: 3
  cols: 4
  data: [542.293395996094, 0, 315.253036789054, 0, 0, 542.7119140625, 261.026335237868, 0, 0, 0, 1, 0]